2	0.506856706941143,0.3361491137039642,100.0,24.23045112781955,238.26680811466167,0.7219654135338316,5.279511278195489,0.44758402255638985,-11.191377255639095,0.6968045112781955,0.47694248120300825,229.80448270676735,120.9376496240608,0.0,0.10802381757683158
2	0.631584946543852,0.4417112708094606,100.0,29.424145299145298,238.78114639102566,0.8002790598290543,5.272222222222222,0.4518348290598281,-9.683452564102563,0.6846153846153846,0.47874059829059895,230.16982863247827,125.1637160256411,1997.2320512820513,0.2909338151519143
20	0.5144652169209485,0.3384398339246701,100.0,24.64367816091954,282.2164479802953,0.72035960591133,5.451559934318555,0.4677816091954021,-10.109387520525456,0.6732348111658456,0.48898522167487674,272.2698275862075,105.74937931034482,0.0,0.12763710434791692
20	0.6176278843956434,0.42989170014849015,100.0,30.12707182320442,89.15914505524862,0.6149944751381216,5.143646408839779,0.3483259668508287,-13.326671270718228,0.6878453038674033,0.4162955801104971,84.75553591160221,123.08965469613256,1997.7044198895028,0.282548118312148
20	0.47017680980979354,0.31564024801767737,100.0,23.322456813819578,131.17485291746635,0.5447735124760079,4.8522072936660265,0.4483243761996163,-13.22987523992323,0.7504798464491362,0.4912207293666029,124.78003071017264,106.32817082533576,0.0,0.08429463524301746
20	0.6434446237655682,0.44897785974393406,100.0,28.093586387434556,225.4397858769632,0.711247382198952,5.3311518324607325,0.4677028795811512,-8.587584424083776,0.681282722513089,0.4889882198952878,216.65638023560183,126.40859489528805,1998.9528795811518,0.3051437562322059
20	0.6138462103413231,0.4322289455317187,100.0,29.562125107112255,167.8616650471294,0.6189288774635813,5.218508997429306,0.4549057412167951,-10.474719794344487,0.7335047129391602,0.480982862039418,160.71743187660664,125.56797343616105,1993.5629820051413,0.2615301660308793
20	0.4927050601838403,0.3235683506789325,100.0,27.563492063492063,555.0586719841268,1.736230158730159,5.603174603174603,0.4003015873015872,-12.391920634920632,0.6666666666666666,0.4289365079365079,541.7136666666668,119.29422222222225,0.0,0.06466679858851626
20	0.4919018521692315,0.31424056596103406,100.0,21.716216216216218,56.51075810810813,0.5357927927927927,4.90990990990991,0.30288288288288284,-14.726301801801814,0.7162162162162162,0.38218468468468453,54.52635585585583,114.19312162162161,0.0,0.0931712349203932
20	0.485728578437344,0.32621737907764115,100.0,24.00445434298441,180.75749753897537,0.6192160356347439,5.0534521158129175,0.46337193763919804,-12.599328507795088,0.7427616926503341,0.49287193763919784,173.4354131403116,98.78358017817375,0.0,0.08423394909893912
20	0.6225184088071437,0.43723353748222066,100.0,30.439252336448597,374.60944175233664,1.1336261682242996,5.207943925233645,0.4609883177570095,-9.857813084112156,0.6448598130841121,0.47487149532710254,363.8462219626168,122.94970327102806,1998.1705607476636,0.2677931373024859
20	0.5013510673428061,0.32559525066186307,100.0,26.58823529411765,853.9316476470591,1.7507941176470592,5.205882352941177,0.4118529411764706,-14.002294117647057,0.6764705882352942,0.39847058823529413,832.6668823529411,120.52052941176468,0.0,0.07767694433570659
20	0.529666153075961,0.35343693859009995,100.0,23.835416666666667,255.62653972916652,0.78545625,5.383333333333334,0.4540312499999997,-9.382549999999997,0.6729166666666667,0.4827812499999997,246.3804666666667,158.44359166666663,0.0,0.12130645031817774
20	0.5150685913731644,0.3423068726057267,100.0,28.366935483870968,428.44257512096794,1.2737500000000004,5.423387096774194,0.4128951612903224,-11.83701209677419,0.6411290322580645,0.4484112903225804,416.179758064516,121.21237903225804,0.0,0.08645044564237885
20	0.5205830820009486,0.34358476888913864,100.0,25.1353919239905,340.93169439429914,0.895116389548694,5.472684085510688,0.45540142517814713,-10.55219477434679,0.6460807600950119,0.46299999999999975,330.9432232779097,124.05385748218518,0.0,0.1318228197798511
20	0.5249548093992802,0.34906761164515654,100.0,23.50862068965517,204.55034734482754,0.4948568965517242,5.256896551724138,0.4619241379310345,-9.525915517241378,0.696551724137931,0.4856775862068967,196.5678362068964,153.8877896551726,0.0,0.12959615520793868
20	0.6275883212742688,0.43811122205310055,100.0,30.165413533834588,534.7398260150376,1.2679398496240608,5.18796992481203,0.44639097744360917,-10.265796992481201,0.5939849624060151,0.4608270676691731,522.6069924812031,123.92699248120302,1998.654135338346,0.27670469328290814
20	0.5813070830689704,0.37936179337231657,100.0,34.46153846153846,1038.7105053846155,2.3702307692307687,4.615384615384615,0.39476923076923076,-11.455000000000002,0.7692307692307693,0.4131538461538462,1027.1632307692305,89.45884615384617,1995.6923076923076,0.3503665202272863
20	0.5266146034025058,0.3445360264295371,100.0,23.830917874396135,230.23410420289852,0.7363538647342999,5.398550724637682,0.4505652173913042,-10.010530193236708,0.677536231884058,0.4837910628019324,221.3558816425119,101.0329963768117,0.0,0.1261563896713188
20	0.47867731793723894,0.3478165948728128,100.0,27.533333333333335,1371.8739406666666,1.3732666666666664,4.333333333333333,0.5639333333333333,-18.035666666666664,0.6666666666666666,0.5090666666666667,1352.0238,106.71013333333332,0.0,0.09917018788379188
20	0.6436894426244724,0.44881044129741,100.0,30.395614871306005,285.8885835748334,0.9808970448045766,5.335557673975215,0.4586873212583409,-8.975277407054342,0.6606291706387035,0.4875309818875117,275.8046396568157,125.11901811248815,1998.1000953288847,0.31634940044430265
20	0.4877512275818834,0.32860082210620856,100.0,24.12721893491124,151.4583559467456,0.5265266272189354,5.653846153846154,0.4538520710059172,-11.544044378698208,0.7218934911242604,0.47575739644970416,144.8106686390532,170.2706804733728,0.0,0.08771611698356023
