10	0.5211165174878296,0.34252568610098827,100.0,25.857142857142858,351.70816005891055,0.8915154639175253,5.406480117820324,0.4446053019145799,-10.834516936671577,0.6244477172312224,0.46225331369661266,341.2076995581736,120.3644565537555,0.0,0.11764505040476786
10	0.6112396918577084,0.4288653477953249,100.0,29.859070464767616,142.95846709145422,0.6140862068965518,5.219640179910045,0.4271551724137928,-11.247579460269867,0.7308845577211395,0.46446026986506794,136.60630959520228,124.47207121439305,1994.6859070464768,0.26408740017026816
10	0.4931125957842729,0.3296312575474805,100.0,23.81069743051914,180.14933788673298,0.5501059255374937,5.1877294179339275,0.46286733088620935,-11.735632406921882,0.7278447823807027,0.4902794965915045,172.84864184583125,120.16239381227064,0.0,0.09772794982204265
10	0.6308121047858583,0.44148732477744146,100.0,30.96590909090909,341.0334908522732,1.0555329545454564,5.263636363636364,0.46329886363636363,-9.609747727272733,0.6477272727272727,0.48233295454545433,330.2262829545452,124.51897159090912,1997.7375,0.2894070875729671
10	0.6439483251334137,0.44954123062622237,100.0,28.504295532646047,234.42008090635727,0.7753097079037792,5.316580756013746,0.46253479381443235,-8.772686426116831,0.6769759450171822,0.48717096219931155,225.54757560137435,126.07149054982806,1998.445446735395,0.30768555953840726
10	0.49833312596045987,0.32847684683232387,100.0,28.00873362445415,529.4257298253275,1.729585152838428,5.720524017467249,0.40138864628820947,-12.334458515283842,0.6899563318777293,0.43146288209606976,515.6668471615723,120.24907860262007,0.0,0.0778039823249205
10	0.48350015401137736,0.319514324183953,100.0,22.62540716612378,97.24785073289891,0.5553094462540713,5.061889250814332,0.37758631921824104,-13.551956026058635,0.741042345276873,0.44101302931596115,92.76005048859919,118.6340293159609,0.0,0.09259142183890705
10	0.5249216630673792,0.3470323821040139,100.0,24.06954177897574,250.3417619730458,0.7412150943396236,5.35256064690027,0.46127439353099775,-9.736114285714292,0.6787061994609165,0.4866814016172507,240.97496927223733,122.92704797843638,0.0,0.12421610350952146
10	0.6246191867022881,0.43522857048782165,100.0,30.905797101449274,586.5923892028985,1.3936594202898553,5.086956521739131,0.4367971014492754,-10.397789855072462,0.6014492753623188,0.4516594202898552,574.551420289855,120.64726811594205,1998.1521739130435,0.27759016966813044
10	0.48768833316992194,0.33287428119380486,100.0,27.416666666666668,1108.1152833333335,2.068777777777778,4.888888888888889,0.47644444444444456,-16.545972222222222,0.6388888888888888,0.4477777777777777,1089.0698055555551,113.97605555555555,0.0,0.0930389722670267
