30	0.5313515534294658,0.3480753072864385,100.0,24.0208,235.95129822400008,0.766456,5.4144,0.44882879999999997,-9.886567999999986,0.6672,0.4823391999999999,226.7415424000001,100.7591743999999,0.0,0.127604829555009
30	0.6242654762321604,0.4387790038498384,100.0,29.08187134502924,157.4230478654971,0.5800000000000001,5.087719298245614,0.4795029239766083,-9.300359649122809,0.7602339181286549,0.4862923976608185,150.97261403508764,168.22135087719292,1995.4561403508771,0.3008819629501939
30	0.4820519465241399,0.32129082510845597,100.0,24.194244604316548,159.505913645084,0.5320407673860911,5.2086330935251794,0.47076738609112756,-11.674268585131891,0.7410071942446043,0.4967290167865709,152.59431175059942,129.17684412470007,0.0,0.08821141858982069
30	0.6386626617150497,0.4444508790000749,100.0,31.559479553903344,303.3123998513016,0.9758215613382906,5.421933085501859,0.46892193308550173,-9.42850371747214,0.671003717472119,0.493827137546468,292.29525278810405,107.55408550185872,1997.5446096654275,0.3126172046636183
30	0.6506948297978032,0.4548680411027868,100.0,28.642599277978338,243.78530553549925,0.8486907340553551,5.46690734055355,0.4548555956678703,-8.69545367027677,0.6714801444043321,0.48579302045728057,234.5473718411548,106.0555812274368,1999.0685920577616,0.3065015459576125
30	0.5187413477988065,0.34290262919249515,100.0,27.592105263157894,412.5605491666669,1.148877192982456,5.381578947368421,0.4084078947368421,-11.643043859649119,0.6140350877192983,0.43988596491228055,400.7518684210524,120.54996491228071,0.0,0.0879719715994278
30	0.48718176640300503,0.3166157295114338,100.0,22.130434782608695,46.57068099378883,0.5192173913043479,4.950310559006211,0.26011180124223604,-15.059372670807448,0.7018633540372671,0.3494099378881988,45.199956521739146,106.55013043478267,0.0,0.09137550985735429
30	0.47555516001738146,0.3264614906600888,100.0,24.84935064935065,164.13958153246756,0.6685376623376627,4.792207792207792,0.44918961038961014,-13.862238961038976,0.7662337662337663,0.4902493506493503,156.80655324675317,86.89382077922077,0.0,0.08180115674624855
30	0.6250420183135206,0.4348430834991008,100.0,30.555555555555557,491.21343007407427,0.9352814814814816,5.037037037037037,0.4577851851851852,-9.902970370370365,0.6296296296296297,0.45706666666666684,480.32879259259266,122.6047703703704,1998.3037037037036,0.25779210198924796
30	0.5113391910575039,0.3526617092762822,100.0,31.791666666666668,656.9170979166666,1.6503124999999994,4.625,0.3987708333333333,-13.10039583333333,0.7916666666666666,0.4181250000000001,640.8160416666668,116.99366666666667,0.0,0.05916307756357168
30	0.5290225440636395,0.35343492796102244,100.0,24.420408163265307,206.8238763061224,0.5674877551020409,5.277551020408163,0.4713306122448982,-9.387104081632653,0.7040816326530612,0.49802857142857115,198.63292448979576,140.39534489795915,0.0,0.1327894041714634
30	0.5134612666657264,0.33690713416317825,100.0,25.30939226519337,339.55486944751345,0.8534696132596691,5.43646408839779,0.4604613259668505,-10.912168508287293,0.6546961325966851,0.46731491712707124,329.3113508287295,115.09783425414359,0.0,0.13017073101018142
30	0.5188426417343692,0.34148975816601185,100.0,25.187624750499,278.5866009381238,0.7110119760479043,5.279441117764471,0.47353093812375274,-10.222111776447099,0.6826347305389222,0.4945369261477043,268.4957844311378,100.31813173652692,0.0,0.12104748012084249
30	0.5012514942253553,0.3291140562253242,100.0,23.23228346456693,176.86045610236226,0.41393700787401555,5.413385826771654,0.4625275590551179,-11.065539370078731,0.7244094488188977,0.4713661417322836,170.16308661417327,182.50541732283472,0.0,0.10755596811798512
30	0.6281477307382612,0.44534169997225487,100.0,32.90909090909091,671.7019096969697,2.839727272727273,6.03030303030303,0.44754545454545447,-10.99681818181818,0.48484848484848486,0.4983636363636364,656.2132727272726,126.02121212121209,1997.2727272727273,0.2848626486291771
30	0.5912528437751335,0.3446593996174064,100.0,33.875,1179.6828125000002,1.647125,3.625,0.41412499999999997,-11.254124999999997,0.75,0.407125,1168.962875,75.52175,1992.625,0.2686129279540269
30	0.5244689589663878,0.35633672572686487,100.0,23.30534351145038,293.1022977480917,0.8917328244274813,5.816793893129771,0.4271297709923664,-9.131694656488548,0.6183206106870229,0.45870229007633595,284.4066183206105,158.12062977099245,0.0,0.161304086689869
30	0.46241332152193443,0.3372107087842344,100.0,25.75,1430.2536958333337,1.6763333333333332,4.083333333333333,0.53225,-17.159583333333334,0.6666666666666666,0.5069166666666666,1408.2614166666665,106.62024999999998,0.0,0.12396273485473985
30	0.618457714891949,0.433811365030545,100.0,30.12280701754386,375.07132134502916,1.1007076023391817,5.105263157894737,0.45795029239766083,-9.868649122807026,0.6374269005847953,0.47353508771929803,364.1312046783624,125.31475730994157,1998.4152046783627,0.2739530470993582
30	0.4823535999651064,0.32299311820876897,100.0,23.471264367816094,113.02402672413794,0.5350632183908046,5.563218390804598,0.4018218390804596,-11.475614942528738,0.7528735632183908,0.4582413793103448,107.56702298850573,165.27128160919528,0.0,0.09777932569946944
30	0.4786083888516782,0.3153033708415459,100.0,22.35272727272727,116.67532243636359,0.6004036363636361,4.7672727272727276,0.4222036363636364,-13.98078181818182,0.7345454545454545,0.47927272727272713,111.0241490909092,97.44985454545457,0.0,0.08598173434645309
30	0.4932684600044528,0.32611953797549814,100.0,22.767399267399266,197.2241319047617,0.5991153846153845,5.1996336996337,0.4713846153846151,-11.980141025641027,0.7252747252747253,0.49343406593406575,189.57248901098905,94.77865567765566,0.0,0.08927972897234766
30	0.4901297597179889,0.317177248470779,100.0,26.67391304347826,507.7567310144927,1.6050724637681162,5.949275362318841,0.4188550724637681,-12.02709420289855,0.6594202898550725,0.44446376811594196,494.5531376811595,123.73090579710146,0.0,0.07984849321078465
30	0.6483774940680455,0.4557537053276681,100.0,29.060827250608273,277.115129002433,0.9204939172749389,5.143552311435523,0.4680681265206812,-8.463936739659365,0.6618004866180048,0.49022627737226293,267.951299270073,162.40639659367406,1998.2481751824816,0.31874667577347393
30	0.6193312357367419,0.4310830215613656,100.0,30.117117117117118,69.94334500000001,0.6701396396396396,5.04954954954955,0.3057072072072073,-14.861869369369359,0.6621621621621622,0.3885585585585587,66.78554054054052,121.42284684684681,1999.1351351351352,0.2717212593260602
30	0.5237517711821518,0.34683020717785185,100.0,23.38369304556355,243.525669976019,0.7062326139088726,5.323741007194244,0.4664556354916065,-9.423659472422067,0.6738609112709832,0.4885707434052755,234.14052517985616,157.60676978417249,0.0,0.10277960737962515
30	0.511971427121241,0.3365933968592809,100.0,28.0,941.5476936000003,2.1744,5.36,0.4350800000000001,-15.74536,0.64,0.4158799999999999,924.1641999999998,118.13592,0.0,0.07447400733424332
30	0.6239471883879469,0.4377482048479509,100.0,28.544529262086513,194.70827169211202,0.6620394402035621,5.309160305343512,0.4470687022900765,-10.07034478371501,0.712468193384224,0.481422391857506,186.57660814249377,105.45941857506352,1996.0419847328244,0.2665483798274868
30	0.6419960503171179,0.4457712622315531,100.0,27.07427536231884,217.41356603260857,0.6613913043478262,5.159420289855072,0.47684057971014504,-8.23327717391304,0.677536231884058,0.4835344202898562,209.1443134057971,163.0713496376812,1998.6847826086957,0.31737116266577
30	0.5997077881577735,0.42159276909526044,100.0,31.63125,144.21429506249999,0.6136541666666671,5.341666666666667,0.4353645833333335,-11.325829166666663,0.7229166666666667,0.4758604166666668,137.42333958333333,107.19718541666676,1992.425,0.24939921755849617
