2	0.506856706941143,0.3361491137039642,100.0,24.23045112781955,238.26680811466167,0.7219654135338316,5.279511278195489,0.44758402255638985,-11.191377255639095,0.6968045112781955,0.47694248120300825,229.80448270676735,120.9376496240608,0.0,0.10802381757683158
2	0.631584946543852,0.4417112708094606,100.0,29.424145299145298,238.78114639102566,0.8002790598290543,5.272222222222222,0.4518348290598281,-9.683452564102563,0.6846153846153846,0.47874059829059895,230.16982863247827,125.1637160256411,1997.2320512820513,0.2909338151519143
3	0.5110976636962127,0.3364819367872483,100.0,26.817251461988302,464.9485859210526,1.2641038011695906,5.4108187134502925,0.42044005847953225,-11.78416666666666,0.6418128654970761,0.4401856725146204,452.82864327485373,120.64065204678357,0.0,0.09398840656734614
3	0.631584946543852,0.4417112708094606,100.0,29.424145299145298,238.78114639102566,0.8002790598290543,5.272222222222222,0.4518348290598281,-9.683452564102563,0.6846153846153846,0.47874059829059895,230.16982863247827,125.1637160256411,1997.2320512820513,0.2909338151519143
3	0.506230992010069,0.3361000086588894,100.0,23.84879206212252,204.82195565142356,0.6419777825711801,5.260138050043141,0.45158886971527035,-11.103916522864543,0.7049180327868853,0.48236561691113145,196.8992786885248,120.98146893874076,0.0,0.11009461592249324
5	0.5112882686607795,0.33905720203698086,100.0,27.302284710017574,490.32847314586996,1.3627328646748678,5.448154657293498,0.41962390158172236,-11.950349736379604,0.6502636203866432,0.44001054481546603,477.7738945518455,120.76984534270656,0.0,0.09226964355719539
5	0.6213822713080371,0.4354644223870883,100.0,29.369829683698295,163.99752697810246,0.6328773722627741,5.191727493917275,0.4370102189781023,-10.554400486617991,0.7124087591240876,0.47114987834549843,157.0289377128955,125.53155961070561,1995.639416058394,0.27610453174761523
5	0.5063259642304576,0.33580082865629285,100.0,23.862555251525993,208.0788292885708,0.6452243738160368,5.259313828667649,0.4509326457587867,-11.100479478004637,0.702378446642812,0.4813656072405816,200.1066095558833,120.9577465796679,0.0,0.10991060457265824
5	0.6218197453068433,0.43387925465495397,100.0,31.49206349206349,488.6080960000001,1.1570444444444443,5.2063492063492065,0.45840317460317465,-9.98817142857143,0.6095238095238096,0.46941904761904757,477.290685714286,121.92830158730159,1997.984126984127,0.2697376987565727
5	0.6419929707859603,0.4483365342712115,100.0,29.19047619047619,271.2421198831169,0.9005515151515135,5.352813852813853,0.46412727272727233,-8.867095670995663,0.6701298701298701,0.48676450216450035,261.53842640692613,125.27767142857137,1998.5463203463203,0.3070164792473131
10	0.5211165174878296,0.34252568610098827,100.0,25.857142857142858,351.70816005891055,0.8915154639175253,5.406480117820324,0.4446053019145799,-10.834516936671577,0.6244477172312224,0.46225331369661266,341.2076995581736,120.3644565537555,0.0,0.11764505040476786
10	0.6112396918577084,0.4288653477953249,100.0,29.859070464767616,142.95846709145422,0.6140862068965518,5.219640179910045,0.4271551724137928,-11.247579460269867,0.7308845577211395,0.46446026986506794,136.60630959520228,124.47207121439305,1994.6859070464768,0.26408740017026816
10	0.4931125957842729,0.3296312575474805,100.0,23.81069743051914,180.14933788673298,0.5501059255374937,5.1877294179339275,0.46286733088620935,-11.735632406921882,0.7278447823807027,0.4902794965915045,172.84864184583125,120.16239381227064,0.0,0.09772794982204265
10	0.6308121047858583,0.44148732477744146,100.0,30.96590909090909,341.0334908522732,1.0555329545454564,5.263636363636364,0.46329886363636363,-9.609747727272733,0.6477272727272727,0.48233295454545433,330.2262829545452,124.51897159090912,1997.7375,0.2894070875729671
10	0.6439483251334137,0.44954123062622237,100.0,28.504295532646047,234.42008090635727,0.7753097079037792,5.316580756013746,0.46253479381443235,-8.772686426116831,0.6769759450171822,0.48717096219931155,225.54757560137435,126.07149054982806,1998.445446735395,0.30768555953840726
10	0.49833312596045987,0.32847684683232387,100.0,28.00873362445415,529.4257298253275,1.729585152838428,5.720524017467249,0.40138864628820947,-12.334458515283842,0.6899563318777293,0.43146288209606976,515.6668471615723,120.24907860262007,0.0,0.0778039823249205
10	0.48350015401137736,0.319514324183953,100.0,22.62540716612378,97.24785073289891,0.5553094462540713,5.061889250814332,0.37758631921824104,-13.551956026058635,0.741042345276873,0.44101302931596115,92.76005048859919,118.6340293159609,0.0,0.09259142183890705
10	0.5249216630673792,0.3470323821040139,100.0,24.06954177897574,250.3417619730458,0.7412150943396236,5.35256064690027,0.46127439353099775,-9.736114285714292,0.6787061994609165,0.4866814016172507,240.97496927223733,122.92704797843638,0.0,0.12421610350952146
10	0.6246191867022881,0.43522857048782165,100.0,30.905797101449274,586.5923892028985,1.3936594202898553,5.086956521739131,0.4367971014492754,-10.397789855072462,0.6014492753623188,0.4516594202898552,574.551420289855,120.64726811594205,1998.1521739130435,0.27759016966813044
10	0.48768833316992194,0.33287428119380486,100.0,27.416666666666668,1108.1152833333335,2.068777777777778,4.888888888888889,0.47644444444444456,-16.545972222222222,0.6388888888888888,0.4477777777777777,1089.0698055555551,113.97605555555555,0.0,0.0930389722670267
20	0.5144652169209485,0.3384398339246701,100.0,24.64367816091954,282.2164479802953,0.72035960591133,5.451559934318555,0.4677816091954021,-10.109387520525456,0.6732348111658456,0.48898522167487674,272.2698275862075,105.74937931034482,0.0,0.12763710434791692
20	0.6176278843956434,0.42989170014849015,100.0,30.12707182320442,89.15914505524862,0.6149944751381216,5.143646408839779,0.3483259668508287,-13.326671270718228,0.6878453038674033,0.4162955801104971,84.75553591160221,123.08965469613256,1997.7044198895028,0.282548118312148
20	0.47017680980979354,0.31564024801767737,100.0,23.322456813819578,131.17485291746635,0.5447735124760079,4.8522072936660265,0.4483243761996163,-13.22987523992323,0.7504798464491362,0.4912207293666029,124.78003071017264,106.32817082533576,0.0,0.08429463524301746
20	0.6434446237655682,0.44897785974393406,100.0,28.093586387434556,225.4397858769632,0.711247382198952,5.3311518324607325,0.4677028795811512,-8.587584424083776,0.681282722513089,0.4889882198952878,216.65638023560183,126.40859489528805,1998.9528795811518,0.3051437562322059
20	0.6138462103413231,0.4322289455317187,100.0,29.562125107112255,167.8616650471294,0.6189288774635813,5.218508997429306,0.4549057412167951,-10.474719794344487,0.7335047129391602,0.480982862039418,160.71743187660664,125.56797343616105,1993.5629820051413,0.2615301660308793
20	0.4927050601838403,0.3235683506789325,100.0,27.563492063492063,555.0586719841268,1.736230158730159,5.603174603174603,0.4003015873015872,-12.391920634920632,0.6666666666666666,0.4289365079365079,541.7136666666668,119.29422222222225,0.0,0.06466679858851626
20	0.4919018521692315,0.31424056596103406,100.0,21.716216216216218,56.51075810810813,0.5357927927927927,4.90990990990991,0.30288288288288284,-14.726301801801814,0.7162162162162162,0.38218468468468453,54.52635585585583,114.19312162162161,0.0,0.0931712349203932
20	0.485728578437344,0.32621737907764115,100.0,24.00445434298441,180.75749753897537,0.6192160356347439,5.0534521158129175,0.46337193763919804,-12.599328507795088,0.7427616926503341,0.49287193763919784,173.4354131403116,98.78358017817375,0.0,0.08423394909893912
20	0.6225184088071437,0.43723353748222066,100.0,30.439252336448597,374.60944175233664,1.1336261682242996,5.207943925233645,0.4609883177570095,-9.857813084112156,0.6448598130841121,0.47487149532710254,363.8462219626168,122.94970327102806,1998.1705607476636,0.2677931373024859
20	0.5013510673428061,0.32559525066186307,100.0,26.58823529411765,853.9316476470591,1.7507941176470592,5.205882352941177,0.4118529411764706,-14.002294117647057,0.6764705882352942,0.39847058823529413,832.6668823529411,120.52052941176468,0.0,0.07767694433570659
20	0.529666153075961,0.35343693859009995,100.0,23.835416666666667,255.62653972916652,0.78545625,5.383333333333334,0.4540312499999997,-9.382549999999997,0.6729166666666667,0.4827812499999997,246.3804666666667,158.44359166666663,0.0,0.12130645031817774
20	0.5150685913731644,0.3423068726057267,100.0,28.366935483870968,428.44257512096794,1.2737500000000004,5.423387096774194,0.4128951612903224,-11.83701209677419,0.6411290322580645,0.4484112903225804,416.179758064516,121.21237903225804,0.0,0.08645044564237885
20	0.5205830820009486,0.34358476888913864,100.0,25.1353919239905,340.93169439429914,0.895116389548694,5.472684085510688,0.45540142517814713,-10.55219477434679,0.6460807600950119,0.46299999999999975,330.9432232779097,124.05385748218518,0.0,0.1318228197798511
20	0.5249548093992802,0.34906761164515654,100.0,23.50862068965517,204.55034734482754,0.4948568965517242,5.256896551724138,0.4619241379310345,-9.525915517241378,0.696551724137931,0.4856775862068967,196.5678362068964,153.8877896551726,0.0,0.12959615520793868
20	0.6275883212742688,0.43811122205310055,100.0,30.165413533834588,534.7398260150376,1.2679398496240608,5.18796992481203,0.44639097744360917,-10.265796992481201,0.5939849624060151,0.4608270676691731,522.6069924812031,123.92699248120302,1998.654135338346,0.27670469328290814
20	0.5813070830689704,0.37936179337231657,100.0,34.46153846153846,1038.7105053846155,2.3702307692307687,4.615384615384615,0.39476923076923076,-11.455000000000002,0.7692307692307693,0.4131538461538462,1027.1632307692305,89.45884615384617,1995.6923076923076,0.3503665202272863
20	0.5266146034025058,0.3445360264295371,100.0,23.830917874396135,230.23410420289852,0.7363538647342999,5.398550724637682,0.4505652173913042,-10.010530193236708,0.677536231884058,0.4837910628019324,221.3558816425119,101.0329963768117,0.0,0.1261563896713188
20	0.47867731793723894,0.3478165948728128,100.0,27.533333333333335,1371.8739406666666,1.3732666666666664,4.333333333333333,0.5639333333333333,-18.035666666666664,0.6666666666666666,0.5090666666666667,1352.0238,106.71013333333332,0.0,0.09917018788379188
20	0.6436894426244724,0.44881044129741,100.0,30.395614871306005,285.8885835748334,0.9808970448045766,5.335557673975215,0.4586873212583409,-8.975277407054342,0.6606291706387035,0.4875309818875117,275.8046396568157,125.11901811248815,1998.1000953288847,0.31634940044430265
20	0.4877512275818834,0.32860082210620856,100.0,24.12721893491124,151.4583559467456,0.5265266272189354,5.653846153846154,0.4538520710059172,-11.544044378698208,0.7218934911242604,0.47575739644970416,144.8106686390532,170.2706804733728,0.0,0.08771611698356023
30	0.5313515534294658,0.3480753072864385,100.0,24.0208,235.95129822400008,0.766456,5.4144,0.44882879999999997,-9.886567999999986,0.6672,0.4823391999999999,226.7415424000001,100.7591743999999,0.0,0.127604829555009
30	0.6242654762321604,0.4387790038498384,100.0,29.08187134502924,157.4230478654971,0.5800000000000001,5.087719298245614,0.4795029239766083,-9.300359649122809,0.7602339181286549,0.4862923976608185,150.97261403508764,168.22135087719292,1995.4561403508771,0.3008819629501939
30	0.4820519465241399,0.32129082510845597,100.0,24.194244604316548,159.505913645084,0.5320407673860911,5.2086330935251794,0.47076738609112756,-11.674268585131891,0.7410071942446043,0.4967290167865709,152.59431175059942,129.17684412470007,0.0,0.08821141858982069
30	0.6386626617150497,0.4444508790000749,100.0,31.559479553903344,303.3123998513016,0.9758215613382906,5.421933085501859,0.46892193308550173,-9.42850371747214,0.671003717472119,0.493827137546468,292.29525278810405,107.55408550185872,1997.5446096654275,0.3126172046636183
30	0.6506948297978032,0.4548680411027868,100.0,28.642599277978338,243.78530553549925,0.8486907340553551,5.46690734055355,0.4548555956678703,-8.69545367027677,0.6714801444043321,0.48579302045728057,234.5473718411548,106.0555812274368,1999.0685920577616,0.3065015459576125
30	0.5187413477988065,0.34290262919249515,100.0,27.592105263157894,412.5605491666669,1.148877192982456,5.381578947368421,0.4084078947368421,-11.643043859649119,0.6140350877192983,0.43988596491228055,400.7518684210524,120.54996491228071,0.0,0.0879719715994278
30	0.48718176640300503,0.3166157295114338,100.0,22.130434782608695,46.57068099378883,0.5192173913043479,4.950310559006211,0.26011180124223604,-15.059372670807448,0.7018633540372671,0.3494099378881988,45.199956521739146,106.55013043478267,0.0,0.09137550985735429
30	0.47555516001738146,0.3264614906600888,100.0,24.84935064935065,164.13958153246756,0.6685376623376627,4.792207792207792,0.44918961038961014,-13.862238961038976,0.7662337662337663,0.4902493506493503,156.80655324675317,86.89382077922077,0.0,0.08180115674624855
30	0.6250420183135206,0.4348430834991008,100.0,30.555555555555557,491.21343007407427,0.9352814814814816,5.037037037037037,0.4577851851851852,-9.902970370370365,0.6296296296296297,0.45706666666666684,480.32879259259266,122.6047703703704,1998.3037037037036,0.25779210198924796
30	0.5113391910575039,0.3526617092762822,100.0,31.791666666666668,656.9170979166666,1.6503124999999994,4.625,0.3987708333333333,-13.10039583333333,0.7916666666666666,0.4181250000000001,640.8160416666668,116.99366666666667,0.0,0.05916307756357168
30	0.5290225440636395,0.35343492796102244,100.0,24.420408163265307,206.8238763061224,0.5674877551020409,5.277551020408163,0.4713306122448982,-9.387104081632653,0.7040816326530612,0.49802857142857115,198.63292448979576,140.39534489795915,0.0,0.1327894041714634
30	0.5134612666657264,0.33690713416317825,100.0,25.30939226519337,339.55486944751345,0.8534696132596691,5.43646408839779,0.4604613259668505,-10.912168508287293,0.6546961325966851,0.46731491712707124,329.3113508287295,115.09783425414359,0.0,0.13017073101018142
30	0.5188426417343692,0.34148975816601185,100.0,25.187624750499,278.5866009381238,0.7110119760479043,5.279441117764471,0.47353093812375274,-10.222111776447099,0.6826347305389222,0.4945369261477043,268.4957844311378,100.31813173652692,0.0,0.12104748012084249
30	0.5012514942253553,0.3291140562253242,100.0,23.23228346456693,176.86045610236226,0.41393700787401555,5.413385826771654,0.4625275590551179,-11.065539370078731,0.7244094488188977,0.4713661417322836,170.16308661417327,182.50541732283472,0.0,0.10755596811798512
30	0.6281477307382612,0.44534169997225487,100.0,32.90909090909091,671.7019096969697,2.839727272727273,6.03030303030303,0.44754545454545447,-10.99681818181818,0.48484848484848486,0.4983636363636364,656.2132727272726,126.02121212121209,1997.2727272727273,0.2848626486291771
30	0.5912528437751335,0.3446593996174064,100.0,33.875,1179.6828125000002,1.647125,3.625,0.41412499999999997,-11.254124999999997,0.75,0.407125,1168.962875,75.52175,1992.625,0.2686129279540269
30	0.5244689589663878,0.35633672572686487,100.0,23.30534351145038,293.1022977480917,0.8917328244274813,5.816793893129771,0.4271297709923664,-9.131694656488548,0.6183206106870229,0.45870229007633595,284.4066183206105,158.12062977099245,0.0,0.161304086689869
30	0.46241332152193443,0.3372107087842344,100.0,25.75,1430.2536958333337,1.6763333333333332,4.083333333333333,0.53225,-17.159583333333334,0.6666666666666666,0.5069166666666666,1408.2614166666665,106.62024999999998,0.0,0.12396273485473985
30	0.618457714891949,0.433811365030545,100.0,30.12280701754386,375.07132134502916,1.1007076023391817,5.105263157894737,0.45795029239766083,-9.868649122807026,0.6374269005847953,0.47353508771929803,364.1312046783624,125.31475730994157,1998.4152046783627,0.2739530470993582
30	0.4823535999651064,0.32299311820876897,100.0,23.471264367816094,113.02402672413794,0.5350632183908046,5.563218390804598,0.4018218390804596,-11.475614942528738,0.7528735632183908,0.4582413793103448,107.56702298850573,165.27128160919528,0.0,0.09777932569946944
30	0.4786083888516782,0.3153033708415459,100.0,22.35272727272727,116.67532243636359,0.6004036363636361,4.7672727272727276,0.4222036363636364,-13.98078181818182,0.7345454545454545,0.47927272727272713,111.0241490909092,97.44985454545457,0.0,0.08598173434645309
30	0.4932684600044528,0.32611953797549814,100.0,22.767399267399266,197.2241319047617,0.5991153846153845,5.1996336996337,0.4713846153846151,-11.980141025641027,0.7252747252747253,0.49343406593406575,189.57248901098905,94.77865567765566,0.0,0.08927972897234766
30	0.4901297597179889,0.317177248470779,100.0,26.67391304347826,507.7567310144927,1.6050724637681162,5.949275362318841,0.4188550724637681,-12.02709420289855,0.6594202898550725,0.44446376811594196,494.5531376811595,123.73090579710146,0.0,0.07984849321078465
30	0.6483774940680455,0.4557537053276681,100.0,29.060827250608273,277.115129002433,0.9204939172749389,5.143552311435523,0.4680681265206812,-8.463936739659365,0.6618004866180048,0.49022627737226293,267.951299270073,162.40639659367406,1998.2481751824816,0.31874667577347393
30	0.6193312357367419,0.4310830215613656,100.0,30.117117117117118,69.94334500000001,0.6701396396396396,5.04954954954955,0.3057072072072073,-14.861869369369359,0.6621621621621622,0.3885585585585587,66.78554054054052,121.42284684684681,1999.1351351351352,0.2717212593260602
30	0.5237517711821518,0.34683020717785185,100.0,23.38369304556355,243.525669976019,0.7062326139088726,5.323741007194244,0.4664556354916065,-9.423659472422067,0.6738609112709832,0.4885707434052755,234.14052517985616,157.60676978417249,0.0,0.10277960737962515
30	0.511971427121241,0.3365933968592809,100.0,28.0,941.5476936000003,2.1744,5.36,0.4350800000000001,-15.74536,0.64,0.4158799999999999,924.1641999999998,118.13592,0.0,0.07447400733424332
30	0.6239471883879469,0.4377482048479509,100.0,28.544529262086513,194.70827169211202,0.6620394402035621,5.309160305343512,0.4470687022900765,-10.07034478371501,0.712468193384224,0.481422391857506,186.57660814249377,105.45941857506352,1996.0419847328244,0.2665483798274868
30	0.6419960503171179,0.4457712622315531,100.0,27.07427536231884,217.41356603260857,0.6613913043478262,5.159420289855072,0.47684057971014504,-8.23327717391304,0.677536231884058,0.4835344202898562,209.1443134057971,163.0713496376812,1998.6847826086957,0.31737116266577
30	0.5997077881577735,0.42159276909526044,100.0,31.63125,144.21429506249999,0.6136541666666671,5.341666666666667,0.4353645833333335,-11.325829166666663,0.7229166666666667,0.4758604166666668,137.42333958333333,107.19718541666676,1992.425,0.24939921755849617
