838
2234
2071
3511
6124
6426
7585
8371
10971
12936
12510
14339
16154
16109
19601
25216
25597
24723
25043
28513
26821
30512
30161
39228
40130
36970
37106
38769
48122
47183
45388
52250
51949
50516
50846
49562
49505
49255
57250
54865
55122
54149
65079
70641
72997
67917
68863
79471
81761
73999
74235
75167
87066
86324
86180
82770
84036
97566
90443
90798
93397
104990
105248
114136
114672
109342
106743
107370
107680
122075
117224
114783
129537
128955
127934
126301
126833
123249
123110
122938
142006
142147
146632
132259
134346
133843
136623
138093
156720
148745
150050
153500
153907
174362
179656
176737
176825
176425
167718
166539
165051
163998
164701
170597
169585
169502
169819
169923
190725
191902
191611
189203
189466
195127
194798
195869
183029
183023
187535
185913
186308
186139
210431
211113
211845
211794
211767
205411
207050
207031
207495
202135
198152
228384
222768
224159
221144
220787
216543
244895
243975
242736
243109
242279
242485
241128
240685
241533
238254
234660
233615
232645
231063
230306
260486
260672
260790
261127
258811
252795
250085
247548
280913
279876
286395
286424
284036
284166
283292
290096
289132
288418
287999
287415
294654
291122
291051
265612
272719
275945
312743
313005
314455
314190
318538
318415
325392
326158
295905
300383
300740
300954
301076
304681
304232
304136
306096
305824
305885
308056
309088
308343
308419
308629
309928
310269
310367
310597
352167
351507
350246
347120
344644
358049
357912
355652
356256
353088
334186
332743
332796
331818
333754
331623
328414
328449
343777
339988
340038
338312
338608
336169
382066
382384
382419
383895
361078
361069
361140
364206
372895
372328
2071,14339
2071,90798
2071,216543
8371,14339
8371,90798
8371,142147
8371,216543
12936,14339
12936,25216
12936,24723
12936,25043
12936,52250
12936,54149
12936,67917
12936,87066
12936,90798
12936,123110
12936,176737
12936,176425
12936,164701
12936,191902
12936,207050
12936,220787
12936,216543
12936,242736
12936,243109
12936,240685
12936,290096
12936,287415
12936,312743
12936,314455
12936,318538
12936,300954
12936,305885
12936,310269
12936,332743
12936,331818
14339,24723
14339,25043
14339,38769
14339,45388
14339,52250
14339,54149
14339,67917
14339,87066
14339,86180
14339,90798
14339,114783
14339,123110
14339,133843
14339,176425
14339,164701
14339,169819
14339,183029
14339,216543
14339,244895
14339,242736
14339,243109
14339,241128
14339,240685
14339,232645
14339,230306
14339,287415
14339,275945
14339,312743
14339,314455
14339,318538
14339,300383
14339,300954
14339,301076
14339,305824
14339,352167
14339,356256
14339,332796
14339,331818
16154,90798
25216,25043
25216,67917
25216,87066
25216,90798
25216,123110
25216,287415
25216,347120
24723,25043
24723,45388
24723,52250
24723,54149
24723,90798
24723,176425
24723,164701
24723,169819
24723,216543
24723,242736
24723,240685
24723,287415
24723,312743
24723,314455
24723,300954
24723,301076
24723,331818
25043,52250
25043,54149
25043,67917
25043,87066
25043,90798
25043,123110
25043,176737
25043,176425
25043,169819
25043,220787
25043,216543
25043,243109
25043,240685
25043,287415
25043,312743
25043,314455
25043,318538
25043,300954
25043,305885
25043,310269
25043,331818
38769,54149
38769,90798
38769,176425
38769,164701
38769,169819
38769,216543
38769,240685
38769,312743
38769,314455
38769,300954
38769,331818
45388,54149
45388,90798
45388,176425
45388,164701
45388,216543
45388,244895
45388,312743
45388,300954
45388,332796
45388,331818
52250,54149
52250,97566
52250,90798
52250,106743
52250,176425
52250,164701
52250,169819
52250,216543
52250,240685
52250,287415
52250,312743
52250,314455
52250,300954
52250,331818
55122,216543
54149,67917
54149,86180
54149,90798
54149,176425
54149,164701
54149,169819
54149,183029
54149,216543
54149,242736
54149,240685
54149,287415
54149,275945
54149,312743
54149,314455
54149,300954
54149,301076
54149,305824
54149,309088
54149,347120
54149,331818
67917,87066
67917,90798
67917,123110
67917,176425
67917,191902
67917,220787
67917,216543
67917,243109
67917,240685
67917,287415
67917,312743
67917,314455
67917,318538
67917,305885
87066,90798
87066,123110
87066,207050
87066,220787
87066,216543
87066,243109
87066,287999
87066,287415
87066,305885
86180,90798
86180,176425
86180,216543
86180,275945
86180,312743
90798,104990
90798,106743
90798,123110
90798,138093
90798,176425
90798,164701
90798,169819
90798,183029
90798,186308
90798,211113
90798,207031
90798,207495
90798,220787
90798,216543
90798,244895
90798,242736
90798,243109
90798,240685
90798,284166
90798,287415
90798,275945
90798,312743
90798,314455
90798,318538
90798,300954
90798,301076
90798,305824
90798,305885
90798,309088
90798,347120
90798,356256
90798,332796
90798,331818
90798,328414
90798,336169
104990,216543
107680,176425
114783,232645
114783,356256
123110,220787
123110,216543
123110,243109
123110,287415
123110,305885
123110,310269
176737,287415
176425,164701
176425,169819
176425,183029
176425,216543
176425,242736
176425,240685
176425,287415
176425,275945
176425,312743
176425,314455
176425,300954
176425,301076
176425,305824
176425,347120
176425,331818
164701,169819
164701,216543
164701,244895
164701,240685
164701,287415
164701,312743
164701,314455
164701,300954
164701,332796
164701,331818
169819,183029
169819,216543
169819,242736
169819,240685
169819,312743
169819,314455
169819,300954
169819,301076
169819,331818
189203,372328
183029,216543
183029,242736
183029,240685
183029,275945
183029,312743
183029,300954
183029,331818
186308,216543
220787,243109
220787,240685
220787,287415
220787,305885
216543,244895
216543,242736
216543,243109
216543,240685
216543,287415
216543,275945
216543,312743
216543,314455
216543,318538
216543,300954
216543,301076
216543,305824
216543,309088
216543,347120
216543,356256
216543,332796
216543,331818
244895,332796
242736,312743
242736,314455
242736,300954
242736,309088
242736,331818
243109,287415
243109,305885
240685,287415
240685,312743
240685,314455
240685,300954
240685,331818
232645,230306
232645,356256
230306,356256
284166,301076
287415,312743
287415,314455
287415,318538
287415,300954
287415,305885
287415,331818
275945,312743
275945,331818
312743,314455
312743,300954
312743,301076
312743,309088
312743,331818
314455,300954
314455,331818
300954,301076
300954,305824
300954,331818
301076,331818
305824,351507
305824,331818
12936,14339,25043
12936,14339,54149
12936,14339,67917
12936,14339,90798
12936,14339,176425
12936,14339,216543
12936,14339,287415
12936,25043,25216
12936,25216,287415
12936,25043,54149
12936,25043,67917
12936,25043,87066
12936,25043,90798
12936,25043,123110
12936,25043,176425
12936,25043,220787
12936,25043,216543
12936,25043,243109
12936,25043,287415
12936,25043,312743
12936,25043,314455
12936,25043,318538
12936,25043,300954
12936,25043,305885
12936,54149,90798
12936,54149,176425
12936,54149,216543
12936,54149,287415
12936,67917,87066
12936,67917,90798
12936,67917,123110
12936,67917,220787
12936,67917,216543
12936,67917,243109
12936,67917,287415
12936,67917,318538
12936,67917,305885
12936,87066,90798
12936,87066,287415
12936,87066,305885
12936,90798,176425
12936,90798,216543
12936,90798,287415
12936,90798,312743
12936,90798,300954
12936,123110,287415
12936,123110,305885
12936,176425,216543
12936,176425,287415
12936,220787,287415
12936,220787,305885
12936,216543,287415
12936,216543,312743
12936,216543,300954
12936,243109,287415
12936,287415,312743
12936,287415,314455
12936,287415,318538
12936,287415,300954
12936,287415,305885
14339,24723,54149
14339,24723,90798
14339,24723,176425
14339,24723,216543
14339,24723,312743
14339,24723,300954
14339,24723,331818
14339,25043,67917
14339,25043,90798
14339,25043,176425
14339,25043,216543
14339,25043,287415
14339,38769,90798
14339,38769,176425
14339,38769,216543
14339,45388,90798
14339,45388,216543
14339,52250,54149
14339,52250,90798
14339,52250,176425
14339,52250,216543
14339,52250,312743
14339,52250,314455
14339,52250,300954
14339,52250,331818
14339,54149,90798
14339,54149,176425
14339,54149,164701
14339,54149,169819
14339,54149,216543
14339,54149,240685
14339,54149,287415
14339,54149,312743
14339,54149,314455
14339,54149,300954
14339,54149,331818
14339,67917,90798
14339,67917,216543
14339,67917,287415
14339,90798,176425
14339,90798,164701
14339,90798,169819
14339,90798,183029
14339,90798,216543
14339,90798,242736
14339,90798,240685
14339,90798,287415
14339,90798,275945
14339,90798,312743
14339,90798,314455
14339,90798,300954
14339,90798,331818
14339,164701,176425
14339,169819,176425
14339,176425,216543
14339,176425,240685
14339,176425,287415
14339,176425,312743
14339,176425,314455
14339,176425,300954
14339,176425,331818
14339,164701,216543
14339,164701,240685
14339,164701,312743
14339,164701,314455
14339,164701,300954
14339,164701,331818
14339,169819,216543
14339,169819,300954
14339,169819,331818
14339,183029,216543
14339,216543,242736
14339,216543,240685
14339,216543,287415
14339,216543,312743
14339,216543,314455
14339,216543,300954
14339,216543,331818
14339,240685,312743
14339,240685,314455
14339,240685,300954
14339,240685,331818
14339,232645,356256
14339,312743,314455
14339,300954,312743
14339,312743,331818
14339,300954,314455
14339,314455,331818
14339,300954,331818
24723,54149,90798
24723,54149,176425
24723,54149,216543
24723,54149,312743
24723,54149,300954
24723,54149,331818
24723,90798,176425
24723,90798,216543
24723,90798,312743
24723,90798,300954
24723,90798,331818
24723,176425,216543
24723,176425,312743
24723,176425,300954
24723,176425,331818
24723,164701,216543
24723,216543,312743
24723,216543,300954
24723,216543,331818
25043,54149,90798
25043,54149,216543
25043,54149,287415
25043,67917,87066
25043,67917,90798
25043,67917,123110
25043,67917,220787
25043,67917,216543
25043,67917,243109
25043,67917,287415
25043,67917,318538
25043,67917,305885
25043,87066,287415
25043,87066,305885
25043,90798,176425
25043,90798,216543
25043,90798,287415
25043,90798,312743
25043,90798,300954
25043,123110,287415
25043,123110,305885
25043,176425,216543
25043,176425,287415
25043,220787,287415
25043,220787,305885
25043,216543,287415
25043,216543,300954
25043,243109,287415
25043,287415,312743
25043,287415,318538
25043,287415,300954
25043,287415,305885
38769,54149,90798
38769,54149,216543
38769,90798,176425
38769,90798,216543
38769,176425,216543
38769,216543,331818
45388,90798,216543
45388,164701,244895
45388,164701,332796
52250,54149,90798
52250,54149,176425
52250,54149,216543
52250,54149,312743
52250,54149,314455
52250,54149,300954
52250,54149,331818
52250,90798,176425
52250,90798,216543
52250,90798,312743
52250,90798,314455
52250,90798,300954
52250,90798,331818
52250,176425,216543
52250,176425,312743
52250,176425,314455
52250,176425,300954
52250,176425,331818
52250,216543,312743
52250,216543,314455
52250,216543,300954
52250,216543,331818
52250,312743,314455
52250,300954,312743
52250,312743,331818
52250,300954,314455
54149,90798,176425
54149,90798,164701
54149,90798,169819
54149,90798,216543
54149,90798,242736
54149,90798,240685
54149,90798,287415
54149,90798,312743
54149,90798,314455
54149,90798,300954
54149,90798,301076
54149,90798,331818
54149,164701,176425
54149,169819,176425
54149,176425,216543
54149,176425,240685
54149,176425,312743
54149,176425,314455
54149,176425,300954
54149,176425,331818
54149,164701,216543
54149,164701,312743
54149,164701,300954
54149,164701,331818
54149,169819,216543
54149,216543,240685
54149,216543,287415
54149,216543,312743
54149,216543,314455
54149,216543,300954
54149,216543,331818
54149,240685,312743
54149,240685,314455
54149,240685,300954
54149,240685,331818
54149,312743,314455
54149,300954,312743
54149,312743,331818
54149,300954,314455
54149,314455,331818
54149,300954,331818
67917,87066,287415
67917,90798,216543
67917,90798,287415
67917,123110,287415
67917,123110,305885
67917,220787,287415
67917,220787,305885
67917,216543,287415
67917,243109,287415
67917,287415,318538
67917,287415,305885
90798,164701,176425
90798,169819,176425
90798,176425,216543
90798,176425,242736
90798,176425,240685
90798,176425,287415
90798,176425,312743
90798,176425,314455
90798,176425,300954
90798,176425,301076
90798,176425,331818
90798,164701,216543
90798,164701,312743
90798,164701,314455
90798,164701,300954
90798,164701,331818
90798,169819,216543
90798,169819,312743
90798,169819,300954
90798,169819,331818
90798,183029,216543
90798,216543,242736
90798,216543,240685
90798,216543,287415
90798,216543,275945
90798,216543,312743
90798,216543,314455
90798,216543,300954
90798,216543,301076
90798,216543,305824
90798,216543,331818
90798,240685,312743
90798,240685,314455
90798,240685,300954
90798,240685,331818
90798,287415,312743
90798,287415,300954
90798,312743,314455
90798,300954,312743
90798,312743,331818
90798,300954,314455
90798,314455,331818
90798,300954,331818
176425,164701,216543
176425,164701,312743
176425,164701,300954
176425,164701,331818
176425,169819,216543
176425,216543,240685
176425,216543,287415
176425,216543,312743
176425,216543,314455
176425,216543,300954
176425,216543,331818
176425,240685,312743
176425,240685,314455
176425,240685,300954
176425,240685,331818
176425,312743,314455
176425,300954,312743
176425,312743,331818
176425,300954,314455
176425,314455,331818
176425,300954,331818
164701,216543,240685
164701,216543,312743
164701,216543,314455
164701,216543,300954
164701,216543,331818
164701,300954,312743
164701,300954,331818
169819,216543,312743
169819,216543,300954
169819,216543,331818
216543,240685,312743
216543,240685,314455
216543,240685,300954
216543,240685,331818
216543,287415,312743
216543,287415,300954
216543,312743,314455
216543,300954,312743
216543,312743,331818
216543,300954,314455
216543,314455,331818
216543,300954,331818
240685,312743,314455
240685,300954,312743
240685,312743,331818
240685,300954,314455
312743,300954,314455
312743,314455,331818
312743,300954,331818
314455,300954,331818
12936,14339,25043,67917
12936,14339,25043,90798
12936,14339,25043,216543
12936,14339,25043,287415
12936,14339,67917,287415
12936,14339,90798,176425
12936,14339,90798,216543
12936,14339,90798,287415
12936,14339,176425,216543
12936,14339,216543,287415
12936,25043,67917,87066
12936,25043,67917,90798
12936,25043,67917,123110
12936,25043,67917,220787
12936,25043,67917,216543
12936,25043,67917,243109
12936,25043,67917,287415
12936,25043,67917,318538
12936,25043,67917,305885
12936,25043,87066,287415
12936,25043,90798,176425
12936,25043,90798,216543
12936,25043,90798,287415
12936,25043,123110,287415
12936,25043,176425,216543
12936,25043,176425,287415
12936,25043,220787,287415
12936,25043,216543,287415
12936,25043,243109,287415
12936,25043,287415,318538
12936,25043,287415,305885
12936,67917,87066,287415
12936,67917,90798,287415
12936,67917,123110,287415
12936,67917,220787,287415
12936,67917,216543,287415
12936,67917,287415,318538
12936,67917,287415,305885
12936,90798,176425,216543
12936,90798,216543,287415
14339,24723,54149,216543
14339,24723,90798,216543
14339,24723,176425,216543
14339,25043,90798,216543
14339,25043,90798,287415
14339,25043,216543,287415
14339,38769,90798,216543
14339,52250,54149,90798
14339,52250,54149,176425
14339,52250,54149,216543
14339,52250,90798,176425
14339,52250,90798,216543
14339,52250,90798,312743
14339,52250,90798,300954
14339,52250,176425,216543
14339,52250,176425,300954
14339,52250,216543,312743
14339,52250,216543,314455
14339,52250,216543,300954
14339,54149,90798,176425
14339,54149,90798,164701
14339,54149,90798,216543
14339,54149,90798,240685
14339,54149,90798,312743
14339,54149,90798,314455
14339,54149,90798,300954
14339,54149,90798,331818
14339,54149,176425,216543
14339,54149,176425,312743
14339,54149,176425,314455
14339,54149,176425,300954
14339,54149,176425,331818
14339,54149,164701,216543
14339,54149,216543,240685
14339,54149,216543,312743
14339,54149,216543,314455
14339,54149,216543,300954
14339,54149,216543,331818
14339,54149,312743,314455
14339,54149,300954,312743
14339,54149,312743,331818
14339,54149,300954,314455
14339,54149,314455,331818
14339,54149,300954,331818
14339,90798,164701,176425
14339,90798,176425,216543
14339,90798,176425,240685
14339,90798,176425,312743
14339,90798,176425,314455
14339,90798,176425,300954
14339,90798,176425,331818
14339,90798,164701,216543
14339,90798,164701,300954
14339,90798,169819,216543
14339,90798,216543,240685
14339,90798,216543,287415
14339,90798,216543,312743
14339,90798,216543,314455
14339,90798,216543,300954
14339,90798,216543,331818
14339,90798,240685,312743
14339,90798,312743,314455
14339,90798,300954,312743
14339,90798,312743,331818
14339,90798,300954,314455
14339,90798,314455,331818
14339,90798,300954,331818
14339,164701,176425,216543
14339,176425,216543,240685
14339,176425,216543,312743
14339,176425,216543,314455
14339,176425,216543,300954
14339,176425,216543,331818
14339,176425,312743,314455
14339,176425,300954,312743
14339,176425,312743,331818
14339,176425,300954,314455
14339,176425,314455,331818
14339,176425,300954,331818
14339,164701,216543,300954
14339,216543,240685,312743
14339,216543,240685,314455
14339,216543,240685,300954
14339,216543,312743,314455
14339,216543,300954,312743
14339,216543,312743,331818
14339,216543,300954,314455
14339,216543,314455,331818
14339,216543,300954,331818
14339,312743,314455,331818
14339,300954,312743,314455
14339,300954,312743,331818
14339,300954,314455,331818
24723,54149,90798,216543
24723,54149,176425,216543
24723,90798,176425,216543
25043,67917,87066,287415
25043,67917,90798,287415
25043,67917,123110,287415
25043,67917,287415,318538
25043,67917,287415,305885
25043,90798,176425,216543
25043,90798,216543,287415
52250,54149,90798,176425
52250,54149,90798,216543
52250,54149,90798,312743
52250,54149,90798,300954
52250,54149,176425,216543
52250,54149,176425,312743
52250,54149,216543,312743
52250,54149,216543,300954
52250,90798,176425,216543
52250,90798,176425,312743
52250,90798,176425,300954
52250,90798,216543,312743
52250,90798,216543,314455
52250,90798,216543,300954
52250,176425,216543,312743
52250,176425,216543,300954
54149,90798,164701,176425
54149,90798,176425,216543
54149,90798,176425,312743
54149,90798,176425,314455
54149,90798,176425,300954
54149,90798,176425,331818
54149,90798,164701,216543
54149,90798,216543,240685
54149,90798,216543,312743
54149,90798,216543,314455
54149,90798,216543,300954
54149,90798,216543,331818
54149,90798,312743,314455
54149,90798,300954,312743
54149,90798,312743,331818
54149,90798,300954,314455
54149,90798,314455,331818
54149,90798,300954,331818
54149,164701,176425,216543
54149,176425,216543,240685
54149,176425,216543,312743
54149,176425,216543,314455
54149,176425,216543,300954
54149,176425,216543,331818
54149,176425,312743,314455
54149,176425,300954,312743
54149,176425,312743,331818
54149,176425,300954,314455
54149,176425,314455,331818
54149,176425,300954,331818
54149,164701,216543,300954
54149,216543,312743,314455
54149,216543,300954,312743
54149,216543,312743,331818
54149,216543,300954,314455
54149,216543,314455,331818
54149,216543,300954,331818
54149,312743,314455,331818
54149,300954,312743,314455
54149,300954,312743,331818
54149,300954,314455,331818
90798,164701,176425,216543
90798,169819,176425,216543
90798,176425,216543,240685
90798,176425,216543,287415
90798,176425,216543,312743
90798,176425,216543,314455
90798,176425,216543,300954
90798,176425,216543,331818
90798,176425,312743,314455
90798,176425,300954,312743
90798,176425,312743,331818
90798,176425,300954,314455
90798,176425,314455,331818
90798,176425,300954,331818
90798,164701,216543,300954
90798,216543,240685,312743
90798,216543,240685,314455
90798,216543,240685,300954
90798,216543,312743,314455
90798,216543,300954,312743
90798,216543,312743,331818
90798,216543,300954,314455
90798,216543,314455,331818
90798,216543,300954,331818
90798,312743,314455,331818
90798,300954,312743,314455
90798,300954,312743,331818
90798,300954,314455,331818
176425,164701,216543,300954
176425,216543,312743,314455
176425,216543,300954,312743
176425,216543,312743,331818
176425,216543,300954,314455
176425,216543,314455,331818
176425,216543,300954,331818
176425,312743,314455,331818
176425,300954,312743,314455
176425,300954,312743,331818
176425,300954,314455,331818
216543,312743,314455,331818
216543,300954,312743,314455
216543,300954,312743,331818
216543,300954,314455,331818
312743,300954,314455,331818
12936,14339,25043,90798,216543
12936,14339,25043,90798,287415
12936,14339,25043,216543,287415
12936,14339,90798,216543,287415
12936,25043,67917,90798,287415
12936,25043,67917,287415,318538
12936,25043,67917,287415,305885
12936,25043,90798,216543,287415
14339,25043,90798,216543,287415
14339,52250,90798,176425,216543
14339,54149,90798,176425,216543
14339,54149,90798,176425,312743
14339,54149,90798,176425,314455
14339,54149,90798,176425,300954
14339,54149,90798,176425,331818
14339,54149,90798,216543,312743
14339,54149,90798,216543,314455
14339,54149,90798,216543,300954
14339,54149,90798,216543,331818
14339,54149,90798,312743,314455
14339,54149,90798,300954,312743
14339,54149,90798,312743,331818
14339,54149,90798,300954,314455
14339,54149,90798,300954,331818
14339,54149,176425,216543,312743
14339,54149,176425,216543,314455
14339,54149,176425,216543,300954
14339,54149,176425,216543,331818
14339,54149,176425,312743,314455
14339,54149,176425,300954,312743
14339,54149,176425,312743,331818
14339,54149,176425,300954,314455
14339,54149,176425,300954,331818
14339,54149,216543,312743,314455
14339,54149,216543,300954,312743
14339,54149,216543,312743,331818
14339,54149,216543,300954,314455
14339,54149,216543,314455,331818
14339,54149,216543,300954,331818
14339,54149,300954,312743,314455
14339,90798,176425,216543,240685
14339,90798,176425,216543,312743
14339,90798,176425,216543,314455
14339,90798,176425,216543,300954
14339,90798,176425,216543,331818
14339,90798,176425,312743,314455
14339,90798,176425,300954,312743
14339,90798,176425,312743,331818
14339,90798,176425,300954,314455
14339,90798,176425,314455,331818
14339,90798,176425,300954,331818
14339,90798,216543,312743,314455
14339,90798,216543,300954,312743
14339,90798,216543,312743,331818
14339,90798,216543,300954,314455
14339,90798,216543,314455,331818
14339,90798,216543,300954,331818
14339,90798,300954,312743,314455
14339,90798,300954,312743,331818
14339,176425,216543,312743,314455
14339,176425,216543,300954,312743
14339,176425,216543,312743,331818
14339,176425,216543,300954,314455
14339,176425,216543,314455,331818
14339,176425,216543,300954,331818
14339,176425,300954,312743,314455
14339,216543,312743,314455,331818
14339,216543,300954,312743,314455
14339,216543,300954,312743,331818
14339,216543,300954,314455,331818
54149,90798,176425,216543,312743
54149,90798,176425,216543,314455
54149,90798,176425,216543,300954
54149,90798,176425,216543,331818
54149,90798,176425,312743,314455
54149,90798,176425,300954,312743
54149,90798,176425,312743,331818
54149,90798,176425,300954,314455
54149,90798,176425,300954,331818
54149,90798,216543,312743,314455
54149,90798,216543,300954,312743
54149,90798,216543,312743,331818
54149,90798,216543,300954,314455
54149,90798,216543,300954,331818
54149,90798,300954,312743,314455
54149,176425,216543,312743,314455
54149,176425,216543,300954,312743
54149,176425,216543,312743,331818
54149,176425,216543,300954,314455
54149,176425,216543,300954,331818
54149,176425,300954,312743,314455
54149,216543,300954,312743,314455
54149,216543,300954,312743,331818
90798,176425,216543,312743,314455
90798,176425,216543,300954,312743
90798,176425,216543,312743,331818
90798,176425,216543,300954,314455
90798,176425,216543,314455,331818
90798,176425,216543,300954,331818
90798,176425,300954,312743,314455
90798,216543,300954,312743,314455
90798,216543,300954,312743,331818
176425,216543,300954,312743,314455
176425,216543,300954,312743,331818
14339,54149,90798,176425,216543,312743
14339,54149,90798,176425,216543,314455
14339,54149,90798,176425,216543,300954
14339,54149,90798,176425,216543,331818
14339,54149,90798,176425,312743,314455
14339,54149,90798,176425,300954,312743
14339,54149,90798,176425,300954,314455
14339,54149,90798,216543,312743,314455
14339,54149,90798,216543,300954,312743
14339,54149,90798,216543,300954,314455
14339,54149,90798,216543,300954,331818
14339,54149,90798,300954,312743,314455
14339,54149,176425,216543,312743,314455
14339,54149,176425,216543,300954,312743
14339,54149,176425,216543,300954,314455
14339,54149,176425,300954,312743,314455
14339,54149,216543,300954,312743,314455
14339,90798,176425,216543,312743,314455
14339,90798,176425,216543,300954,312743
14339,90798,176425,216543,312743,331818
14339,90798,176425,216543,300954,314455
14339,90798,176425,216543,314455,331818
14339,90798,176425,216543,300954,331818
14339,90798,176425,300954,312743,314455
14339,90798,216543,300954,312743,314455
14339,176425,216543,300954,312743,314455
54149,90798,176425,216543,312743,314455
54149,90798,176425,216543,300954,312743
54149,90798,176425,216543,300954,314455
54149,90798,176425,300954,312743,314455
54149,90798,216543,300954,312743,314455
54149,176425,216543,300954,312743,314455
90798,176425,216543,300954,312743,314455
14339,54149,90798,176425,216543,312743,314455
14339,54149,90798,176425,216543,300954,312743
14339,54149,90798,176425,216543,300954,314455
14339,54149,90798,176425,300954,312743,314455
14339,54149,90798,216543,300954,312743,314455
14339,54149,176425,216543,300954,312743,314455
14339,90798,176425,216543,300954,312743,314455
54149,90798,176425,216543,300954,312743,314455
14339,54149,90798,176425,216543,300954,312743,314455
